testcase.wechat.user.authcode = asdfasdf
testcase.wechat.user.access_token = 28_E7LRPOxOIxb9O6yqS4q_-qIG6hGz97epnTbXHuKaA1w52FfUkpAwc2ll5PsSRXLv_vhjz15J2fE9RREkdgxWRaQKeeQran5BOI4r0OCtnwk

testcase.baidu.ai.access_token = 24.d4ba25f0d72e7dbe34068cc7444a7062.2592000.1578214406.282335-17944822